spawns:
  default:
    world: 77e2d1a1-bd61-446c-b470-e58c29f31f19
    world-name: world
    x: -1103.685401559989
    y: 74.0
    z: -670.4559514659277
    yaw: 90.78671264648438
    pitch: -3.0654802322387695
